%YAML:1.0
---
camera_matrix: !!opencv-matrix
   rows: 3
   cols: 3
   dt: d
   data: [ 1.3854878830265809e+03, 0., 9.6490560331800646e+02, 0.,
       1.4325113250298650e+03, 5.4984743224965462e+02, 0., 0., 1. ]
distortion_coefficients: !!opencv-matrix
   rows: 1
   cols: 5
   dt: d
   data: [ 8.0390412271419461e-03, 3.6185416572470435e-03,
       -1.6720553241857037e-03, -1.2203813931982175e-03,
       -1.7810964551833680e-01 ]
